00000000000000000000000000000000
01001000000000000000000000000000
00000000000000000000000000000000
00000000001000000000000000000000
00000000000000000000000000000000
00000000000010000000001000000000
00000000000000000000000000000000
00010000000000000100100000000010
00000000000000000000000000000000
10000000000000000000000000001000
00000000000010000000100000000000
00000000000000000000000000000000
00000000000000000000000000000000
00000000100000100000000000000000
00000000000010000000000000000000
00000000100000000000000000000000
00000000001010000000000000000000
00000000000000000000000000000000
00000000000000000000000000000000
00000000000000010000001000000000
00000000000000100000000000000000
00000000001000010000000000000000
00000000000000000000000000000000
00000000000000000000000000000000
00000001000000000000000000000000
00000000000000000000000000000000
00000100100000000000000000000000
00000000000000000000000000000000
00000000000000001000000000000000
00000000000000000000000100000000
00000000000000000000000000000000
00100000010000000000000000000000
00000000000000000000000000000000
00000000000000000000000000000000
00000000000000100000000000000001
00000000000000000000001000000000
00000000000000000000000000000000
00010000000000000000000000000000
00000000000000100000000000000000
00100000000000000000000000000000
01000000000000000100000000000000
00000000000000100000000000000100
00000000000000000000000000000000
00000000000000000000000000000000
00000000000000010000000000000000
00100000000000100000000000000000
00000000000000000000000000000000
00000000000000000000000000000010
00000000000000000000000000100000
00000001000001000000000000100000
00000000000000000000000000000000
00000001000000000000000000000000
00000000000100000000000000000000
00000000000000000000000000000000
00000000000000000000000000000000
00000000000000000000000000000000
00000000000000101000000000100000
00000000000000000000000000000000
00000000000100000000000100000000
00000000000000010000000000000000
00000000000000000000000000000000
00000000000000000000000000000000
00000000000000001000000000000001
00000000000000000000000000000100
00000010000000000000000000000000
00000000101000000010000000000000
00000000000000001000000000000000
00000000000000000000000000000000
00000000000000000000000010000000
00000100000000000000000000000000
00000000000000000000000000000000
00000000000000000001000000000000
00000000000000000000100000000000
00000010000010000000000000000101
00000000000000000010000000000000
00000000000000000000000000000000
00000000000000000000000000000100
00000000000000010000000000000000
00001100100000000000000000000000
00000000001000000000000000000000
-39