00010100000000000000100000000000
00000100000000000000000000000000
00000000000000000000000000000000
00000000000000000010110010000000
00100000010000000000001000000000
00000000000000000000001000000001
00000000000000000000000000001000
00000000001000100000000000000000
01000000000000000000000000000010
00000000000000000000000000010000
00000000001000000000000000000000
00000000000000000000001000000000
00010000000000000000000000000000
00000100000001000000000000000000
10000100000000000000000100000000
00000000000000010000000000100000
00000001000010000100000000000100
10000000000000000000000000000000
00000000000000000000000001000000
00010000000000000010000000100001
00000100000000000000000000000000
00000000100000010010000000000000
00000000000000000000000000000000
00000100000000000000000000000000
00000000010000000000000000000000
00000100000000000000000100000000
00000000000001000001000000000000
00000000000000000000000000000000
00000000000100001010100000000000
10000000000011000000000000101000
00000000000000000001000011000000
00101001000000000001100100000000
00000000001000000000000000000000
00000000000000000100101000000000
00000000000000000000000000000000
00000000000000000001000000000000
10001000000000000000000000000000
00000000000000001000000000000000
00000000000000000000000100000000
00000100000000010000000001000000
00000000100000000000000000000000
00000001010000000000001000000000
10000000000000000100000000000001
00001000000000000000000000000000
00000000000000000000000000000000
00000000000100000000010100000000
00001000001000000000010000000000
00100000000000000000010000000000
01000000000000000000000001000000
00000000000000000000000000000000
00000000000100001000000000000000
00000000000000000000000000000000
00000001000010000000000000101000
00000000001000010000000000000000
00000000000000000000100000100100
00000000010110000000000000000000
00000000000000000000010010000010
00000000000000000000000000000000
00000000000000000000000000001000
00001000000000000000000000000000
00000000000010000000000000000000
00100001000100000000000000011010
00100000010000000000000000000000
00000000000010000000010000001000
00010000000000000100000000000000
00000010000000000000001000000000
00000000000000010000010000000000
00000000000000000000000000001000
00000000000100001000000000000100
00000010000000000000000000000000
10000000000000000000001000001010
00000010000000000001000000000000
00000000000000000000000101000010
00000000000000000000000000010000
00000000000000000000000000000000
10000000000000100001000000000000
00010000001000001000000000100000
00000000000000000000000000000000
00000000000000000000000010000000
00001000100000000101000010001100
-35