10010000000000000000000000000000
00000001000000000000000000000001
00010000000000000000000000001000
00001000000000000010000000000000
00000000101000000000000010000000
10000000000000000000000000000000
00000000010000000000000000000100
00000000000000000000101001010000
00000000000000010000000000000000
00000000011000000100100000000101
00000010010000000000010000001000
00100000000000010000000000000000
00000000000000000000000000000000
00000010000000000000000000000000
00000000000100010001000001000000
00000000000000000000000000000000
00000000000000000000000000001000
00001000000010001001000000100100
01000000000000000000000000000000
00010000000000100000100000000010
00101000010100010000010000000000
00000000000000000000000000001010
00000000000000001010000100001000
00000000000000000000000000001000
10000010010000000000000000000000
00000000110000000010000000000000
00000000001000000000000000000100
00000000000001001000000000000010
01000000000000010000000000001001
00000000000000000101011000000010
00010000000100000100010001000000
00100000000000000000000000000010
00000000001000000100000000000000
00000000100010000100000000000000
00010000000000000000000000000000
00000010000000000000100000000000
00000000000000000000100000000001
00000000100100000000100000000000
00000000000000001000000000110000
00010000000001000000000000000000
00000000100000000000000000010010
00001000000001000000010000000000
00000000001000000001000000000000
00000000000010000000000000000000
00000000000000000000000000000000
01100000000000100000000000000000
00010011000000000000000000000000
00010000000000001000000000001000
00000100010000000000000000000000
01001000000100000000000000000000
11100000000000010000000010000000
00100000000000000000000000000000
00000000000010000000010000001010
00001000000010000000000001000010
00010000000001010000100000000000
00000000000000000000000000000000
00000000000000000000010000000010
00000000000011000000010000000000
00000000000000000000000000000000
00000000000001000000000000000000
00100010011000100000000000010000
00000010100000001000000000000010
00000000000000000000000010000100
00000000000110000100000000000000
00000000001001000100010001000000
00001000010000001000000000000100
00000000000101000000000000000000
00000000000000000100000000000101
10000000001000000100000010000000
00000000110000000000000000000010
00000000000000100000001000010000
00000000000000000000000000000000
00000000101000000000001010000000
00010100000010001000000000001000
10001011000000000000000001001000
00000000010000000100000000000000
00000000000101000000000001000000
11000010000000000100000000000000
00000000000000100010000000001100
00001000000010000000100000000100
-30