00000001000000001000000000000001
10010000001010000000000000000000
00001010001000010100000000100001
00010000000100010000010001000000
00000000010000000001000000000000
00110000001000000000000000100000
00000100000001000000000001000000
01000000001000000000000000000001
00000000000000010101000011000000
00000000011000000000001000000010
01000000000100000000000000000000
00000010000000000001000001000000
10000000000000101000000000000000
00000000000000000000000000000000
01000000100010001000000100000000
10001010000000010000000101011000
10000001100000010000000010100000
00000000001000000010000001000000
00001000000000000000000000100001
00000110000000000000000001000000
01000101010000000101100000000100
10000000000100000000011100000000
00000100100000000000100001000000
00000001000000000000100000001010
00000000000001100010000000000000
00000010001000000000000000000010
00010000000000001100010010000000
00000100000000000010100001010000
00000010000000000000000001100100
00000111000100100100001000000010
00100110000000000000000100000000
00000001000000000011000000011000
00000000000000001010000000000000
00000010000000000010000001000010
00010100000000000000001001000000
10001000000100000001000000100001
00001000001000000001000000000000
00000000000000010000101000000000
10000000100000000010000010001000
00000000010000001000000000000000
00010000000000000000000000000010
00000000000010000000000001000000
00000000000000001100010100000000
00000000000000010000000010010000
00011000001000000000000000011000
00100001000010000000011000000000
10000000000000001000000000001000
00000000000100010000000111001000
00000000000000010000001000000000
00000100000000000000000000100001
00000000010001000010000100000000
00000000000000000000000000000000
00000000100111000000000000000000
00000100001000000000000000001010
00010000000000000100010000000000
00100000000000000000010001100000
00000000000000100000010010000000
00000100000000000000000000000000
10000000000000011000000100110000
00000000000000110000000000000000
01100100010000000000000000100011
01010100001100000010000000000000
00010000100000000000000100010000
00101000000000001000101100011100
00000000000000000000000000100000
00000001010100000000100000100000
00100100000000001101011100000000
00110001000100000000100100000000
00000001000010000000100000000000
00000001000001000100000000110000
00000000000000100000000010000001
00000001000001000000001001000001
00000000000001010000000100000000
00000010000000100000000000000100
11010000001100000000001000000000
00000010000000000000000000000010
01000000100010100001100000010000
10000000000000100000000000100100
00000000010000000010000000101000
00100110000010000001000000000000
-25