00000000000000000100000101000000
00101000001011000000000000000000
01010010101000000000101000001000
00000000000101000000000001010000
00010000000000000000000010001001
00010001000010000010010000000000
01000000100000000000100010001000
00110000000110000000000000000100
00000000000001000001000000010100
00000001000000000000001000010000
00000000000010010000101000000000
10011010010000000011000001000000
00101000010000010100001000000100
10000100010000000000110000010000
00000000001000001010000000000001
00000000000000000100000000000000
00000010000110000000000101100100
10000110001010100100000000000000
00000000001000100001000000000000
00000000001010001000000000000000
00000000100000001000000000100100
00000010001000000000001000000000
00010000000010010101001000000000
00000100000000001000010000000010
00000010010000101000000000000000
00010000000010000000100000000000
00000000100100000000100000100000
00000100000101000000000100000100
00000000100000000010100010100000
00001101100000000000000001001000
00000001100000000000100010000000
00001010001100100000100000101000
01000001000000000000010000100001
10000010100010001000000000010000
00000010100000000101000100100000
01000000100000101000010100111100
10101100010000001010100001000000
00100010110000101000010000000000
00101000000110000000100000001000
01001001000000001000000000100010
00000000010010000000000010000000
00000000100000001100100000000100
00000000101000000000000000100001
00100000000000011000000010000000
10010010000000000000000000000010
01000000100000100010000000011000
00000000111001000000000000000000
00001000010010100000000000000101
00010100001000100010000000000000
01000000000001001010000111100000
01010000110010000000000000000001
00000000000000000000010000110000
10100000000101000000100000000100
00000001000100000001000001001000
00000000100000000000110000001000
00000000000000000110100010011001
00010001000001010001000001010110
10000000010000000001010000000010
00101100010000001000000000010000
10100001000000000111000100000000
00000001001001000000001001000000
01010001000010000100000000010000
01110100110001000000000000001010
00010010000100000001000000000000
00000001001000000000001000001100
00011010100001000101000111000010
00001000010000010000000000011000
00000000000000000101000000000010
00000000000000010000000001000000
00000000100010001000000000010010
01100000010001010100000000000010
00110000010001000000000000100010
01000100000100001010011000000000
00000100000000000010010000001000
00000100000000000000011000001000
00100100000001000100000100100000
10000000000000000000000100000000
00000000000000010000000000000101
00000000000000000111000001010000
10000001010010001001001000100000
-17