00000001100100100010000000010010
01010000110010000010000101010000
00100000000000001000100010010100
00000000001000001000010000000000
01000000000100000000000100100000
11000000000000001010000100001010
01100000000000000000010010010000
00000110110101000010100000000000
00000000110100000110000101010011
00010100000010000000010000011010
00000000000100000000100000000100
00000100000101000010000100000100
00000101010100100000101001110000
01000000110001100110000000001001
00000000001010000000000000010000
10111100000000000000000001000100
01000010100000000010000110011000
00000000001000001000000001001000
00000000010000110000100101001010
00100000001000010000110000100000
00100000010011000111101100001001
00000001100101000000000000000110
00010001000000001011001000010000
00000000001001001000000000001000
00010001011000010000000000000000
01100000000100001000100000100100
01010000000000001000010000000000
00010000000011001000000000000010
00000000000100010010000000100111
00000101000011100001100011000000
00101000001001000100000000000000
00000000000000000000100000010000
00100101000100001000001100011010
00000000010000001010000001010000
00000100001100000000000100000010
00001000010000001000000000000000
00000000100000000001100000000000
00000000000000000010000000001000
00100000000100001000100000101110
00000000000000000010000000100100
00000000001000000000001010000001
01010000110000010000010001001000
10010000010000010000110100000000
00010000000100000100010000110100
00010000000001011000100011110000
00110100000001000000000101101001
10000000000100011000001000000000
00000000001011010101000001000010
00000001000011100010000110101000
10000000000100000000000100000000
01001010000100000100000000000010
10010000100001001000001000001100
00100000000000010000000100000000
00000100000001000000100000000000
00010011000000000010010100001000
00000000000011000010010010000000
00001011110001000000011011010010
00000001000000000000000111000001
10000000000010000010000110001000
00000100111100000000001000100000
00100000000000001101010000000010
00000000010010100100010000000000
00001110001000100001100010000000
00001000000001000000110010100001
01000000000001000010010000010010
00010000000010000000010010010000
01000110010001010000100101000010
00000000010101010000000001110100
01000000010000000000000010000000
01101100011101100000010010001000
01001001000000000010000100101010
00001000000010010000011000100000
00000101100000001100000010000000
01000100100000000010000010110000
00101011000000000000001010011000
00000100001110101000000000100000
01010000001000000000000000000000
00000000100101000100001011000000
00000010000000001000100100001000
01000000100000000000000000000011
-14