11000001000000000000101001000000
01100001000100001100000001011110
00000000100001000000000010010010
00001000000000000001001000001000
10100010000100001000001001001000
01110001000000000000100000000000
00101011000000001011010010000000
00100000000000101000000110010001
00010001000000111000010000010010
00011100000001100100000100000000
01000000011001100000110000010010
00010000010000100000001000100000
01101100010000001011100000100011
10000111000100010110010010001000
00000000010000000000100001000000
01011100000000000000000010010000
10101000000101000000010010000010
00100110010100000000100001010000
10100001010011000100000000000000
00001000000000011010110010000100
10000010100001000000010000000100
10000001000000100000010001010110
01000100010001101001000010000000
01010100001000000000000000000010
01010001100000000100100000000000
00000010101000011110110110010010
10000010010011010010001000000001
00000010010000000010001000000011
00100000000100010010000000000100
00001100000000000000001100000000
00000000110010000001110000000000
10000100101001000000100001001000
00100000000010001001011001000110
00000100000000000110100000000000
00001001010000000000000000010000
01010001000100000011001100010001
01000101010000100110000100000010
00000000000110000010100000000000
00000000001000000011100000000000
10100010000100100000000101000100
00000101101000110000000000001010
10010100100000000000001011010110
00101001000000001111011000110100
00010000000001100000010101000000
00000000000000110000000000000010
01011000001100001000010011010000
00000000000001000000000100000000
00000000100000000001001100000001
00000010000000000001110000000011
00000011000001000000010010000000
00010001000111100000000000001101
00101000000011100100000010000000
00001000000010001000010001000000
00001000000000000101000010100000
00000000100100000111001000100110
00100001001100000010000001011000
00000001001001001000000010000100
00100000001011011000000011100000
10000010000000101000001110010001
00100010000010110000000000000000
00010000000000000000100000100000
00100000000111000000000000011010
00000000001000001111111110000001
11100000000110000001000010000010
10010000001000100000000000010100
00000000000000110000000000010000
00001001000000000001001000110000
00000010110000000000001110010100
00010000000000000100000001010000
10101001000100100100000100011001
10000010000010000010000000000000
00000000000001000000000100001000
00100000000110010000001010000110
11000100010001000000000000000000
00100000001101000000001000010000
00100110100100000010100100010000
00100000010001000000001000001011
00000000001100000000001000000000
00001010010100100010101001010000
00010111000000001000001000100110
-10