00000001100101000000000010010000
00000001000001001001000001011000
00000100000000000000000001110010
00000000000000010100100100000000
00010001000010111010011001101001
00000000000100101000000000001011
01110010000001100000000100010011
00100001001001000101000011110001
01000000100000000000000011010100
00000010000000001000000000100011
11000000111000000010010100010000
00000000011001000100100110011000
00000001100010000000111110100100
10000000001100010010000010000001
00000001100010011111011100001100
00000000000100110010101010000001
00000010000000001000100000010000
00000100000000000010010000010010
00001110000000010100010100000000
00100000010000000000000010001000
00000000000011101000000110000000
01000001011001010000001001100100
01010000001011011001000000010100
00000000101100101000100000010000
00000111000010000100100100010000
00110000011100010100001101000011
10111000000100010000000000010001
10000011001110000000000001000000
01000001000010001001000100100001
11000000000000000010100001000000
10000000000000100000011100000100
01000100001000000000000100100000
01000100100011010000101000010010
00010000001000000010100000100011
00111000101100000000010000010010
00000000100011100000001000100001
00100000000100100100100001000010
10000010010000001010110000000000
01100000010011000100000000000101
00010001000000000010000010000000
01000000010100011000001000000110
00100000011101011011010000000000
00011000001110010000100101000111
01011100000000010000011000000100
00001000100001000010100100000010
00000100011010100000000001100000
00000100000000100100000010010000
01010010011010000001011010000010
00100010100011000000100010000000
01010000000100100001100110000110
00000100000110000100000100000000
00001000000000001010001000010110
00001010101000100000000001000000
01100010000010110100001000000000
00000000100001100000010000010101
10001101000000100100011010000011
01000000011010000100001000001010
10000000010000010000000000000101
10010001010100000011001100000010
10001101000100000111000000100000
01000001000000100000101010010100
00010000001001001001010101001000
01000100011100100000111000101000
10101010000100000100010000100101
00101100100100000000000010001100
01011000010000000110000010100000
00010000010100100000001000100000
01010000100000010000100001111011
00100000010000000000000000001100
10010000001001000000100100000100
00100101000000100000001001000000
00110000100001100101001000101100
00001000000001011001101000101100
00010001000010000000110000000000
00010010010000000010001000001000
00110001111100000000010100000000
00100000100001000100001010000010
11110000111010010000000010000010
10000001000000100001000000000001
01000010010000000101011011001010
-7