00000000000001000010000000001010
10100100000010010011000000001010
10000000011101100011001000000011
00101000000001000000000100000000
01001000000100001110110000110100
00000001101001010000000001010000
00111111100001000000100110001000
01000101000101000000000000000010
00000000100100100010000010000000
00101100000001000101000000010000
10100000000001000000000101000011
01000101110100001000100001000100
01010000101011100000001000001000
00001000000000100000100100000111
00001000100100001100000101101000
00000000000110000100000011100111
00000000000001010110011100000100
10001000001100110011010011101000
00001001000001110000001000100000
01000001000100000000000001010000
00000000100000001010000101000000
00000000110101010101000000011010
00100000011000000000000000100100
00010001110001001000010100000001
01011000111011010001011100011110
00000000000010110011000000001010
10001100000000001000000010000110
00000000011000001000011011000001
00100000110000000000001110101101
00110000010101100011000010100000
11110010010010000100100000000000
00000010001001010010010111000000
01000010010001110000010001000010
11101010001100100101010001100100
10000011001010000110100010010100
00011100000000001110100000100010
11100000001001100001000000000000
01010100001010010000000000001010
00011010110000010100100001100010
10011010001000000011100010000011
00010000111001000000000000100100
10101010100000011101011001000100
10001111000010000000011100000101
11000100001000100010000000100010
10000010100010000100000001010000
11011011000100100111110000001000
00000001000000100100010000001000
00001000000000000001000100001000
11001001101000100000000001000000
10000100001100101010000000001111
11100010110000101010110101000000
00101000000000000001010000100100
01100010001100000001001010000010
01001000100001100101000000000000
00100000010001101010011000010100
10101000010000100000001100100001
00110000011010100000100010001001
01011001101000100100010100101000
00010010000001100000100101000111
00000010001000101000001010001010
00010010001000000000000111100100
00000110100010000000001000110000
00001001000000010000000001001000
00001000000001100111101101000000
10000110010000000011000001100000
10000000111000100000010001010100
01000010000000110010000000000000
10001010000001100100011011001000
00000001000000000001100010101000
00001000000011001100011110000000
00000000001100000000101000001010
00001010000100000101010100100000
00011000100001100000011000010000
00010000011011000100000100000000
00001000110000110001000100001001
10001000000000100000000011000000
01100100000000000100000000101100
00001000001000100010000000000111
00000110100100001000001010100110
00100010001100110000001000100111
-1